theta layout = [camera(3), pose(72), shape(10)]

camera [s, tx, ty]
[0.70783 0.00609 0.22302]

shape beta, 10D
[-0.20871  0.16075 -0.15451  2.03505  1.16513  0.58091 -0.0391  -0.51187
  0.42216 -0.1838 ]

pose theta, 72D axis-angle, 24 joints x 3
[[ 2.95007  0.36744 -0.09942]
 [-0.23089  0.13397  0.397  ]
 [-1.10918 -0.16594 -0.49631]
 [ 0.42832 -0.17058  0.11819]
 [ 0.64428 -0.15538 -0.19949]
 [ 1.52519 -0.10538  0.28531]
 [-0.0636   0.13783 -0.07131]
 [-0.23211  0.28736  0.00612]
 [-0.06048 -0.22772  0.28107]
 [ 0.15457 -0.01361 -0.03677]
 [-0.34584  0.10782  0.19999]
 [-0.16869  0.02295 -0.32671]
 [ 0.49994 -0.30497  0.05104]
 [-0.02223  0.26034  0.14354]
 [-0.07766 -0.09768 -0.32782]
 [ 0.3507  -0.03895  0.08833]
 [-0.02167 -0.33674 -0.56639]
 [-0.34838  0.12268 -0.03636]
 [ 0.17318 -1.88111  0.49626]
 [-0.1402   0.48611 -0.12678]
 [-0.66631 -0.19702  0.0795 ]
 [ 0.2945   0.01655  0.09953]
 [ 0.15549  0.08638  0.0888 ]
 [ 0.04308 -0.00374 -0.16614]]
